20
20
0.25 0.75 1.25 1.75 2.25 2.75 3.25 3.75 4.25 4.75 5.25 5.75 6.25 6.75 7.25 7.75 8.25 8.75 9.25 9.75
16
4.5 5.5 6.5 7.5 8.5 9.5 10.5 11.5 12.5 13.5 14.5 15.5 16.5 17.5 18.5 19.5
0 1 1 1 1 1 1 1 1 1 0 0 0 0 0 0
3 5 7 9 10 10 9 7 6 5 4 3 3 2 2 2
9 15 20 25 27 26 23 20 17 14 11 9 8 6 5 4
18 29 40 48 52 50 45 38 32 27 22 18 15 12 10 8
29 48 65 79 84 81 72 62 52 43 35 29 24 20 16 14
43 71 97 116 123 118 106 91 77 63 52 43 35 29 24 20
60 98 134 161 169 162 145 125 105 87 71 59 48 40 33 28
80 130 178 211 222 212 190 164 138 114 94 77 63 52 44 37
102 167 227 268 281 268 241 207 174 144 119 97 80 67 55 47
128 207 281 286 286 286 286 255 214 178 146 120 99 82 69 58
155 252 286 286 286 286 286 286 258 214 176 145 120 99 83 70
186 286 286 286 286 286 286 286 286 254 209 172 142 118 99 83
219 286 286 286 286 286 286 286 286 286 244 201 166 138 115 97
255 286 286 286 286 286 286 286 286 286 282 232 192 160 134 112
286 286 286 286 286 286 286 286 286 286 286 266 220 183 153 129
286 286 286 286 286 286 286 286 286 286 286 286 249 207 173 146
286 286 286 286 286 286 286 286 286 286 286 286 280 233 195 164
286 286 286 286 286 286 286 286 286 286 286 286 286 260 218 184
286 286 286 286 286 286 286 286 286 286 286 286 286 286 242 204
286 286 286 286 286 286 286 286 286 286 286 286 286 286 267 226